9 25
0.982673 -0.176089 -0.0429341 -0.0387676 -0.692137 3.76581 9.35892
1 0 0 0 0 0 0
1 0 0 0 -2 1 0
1 0 0 0 0.5 0.75 0
1 0 0 0 0.7 0 0
1 0 0 0 -0.5 0.75 0
1 0 0 0 -0.7 0 0
1 0 0 0 0.375 -0.75 0
1 0 0 0 0 -0.7 0
1 0 0 0 -0.375 -0.75 0
1 0 0 0 0 -0.7 0
1 0 0 0 0 0.75 0
1 0 0 0 2 1 0
1 0 0 0 0.5 0.75 0
1 0 0 0 0.7 0 0
1 0 0 0 -0.5 0.75 0
1 0 0 0 -0.7 0 0
1 0 0 0 0.375 -0.75 0
1 0 0 0 0 -0.7 0
1 0 0 0 -0.375 -0.75 0
1 0 0 0 0 -0.7 0
1 0 0 0 0 0.75 0
1 0 0 0 3 3 5
1 0 0 0 -3 1 -5
0.991177 -0.0888718 -0.0926187 0.0330525 0.705555 3.04318 -6.11427
0.982673 -0.176089 -0.0429341 -0.0387676 -0.692137 3.76581 9.35892
1 0 0 0 0 0 0
1 0 0 0 -2 1 0
1 0 0 0 0.5 0.75 0
1 0 0 0 0.7 0 0
1 0 0 0 -0.5 0.75 0
1 0 0 0 -0.7 0 0
1 0 0 0 0.375 -0.75 0
1 0 0 0 0 -0.7 0
1 0 0 0 -0.375 -0.75 0
1 0 0 0 0 -0.7 0
1 0 0 0 0 0.75 0
1 0 0 0 2 1 0
1 0 0 0 0.5 0.75 0
1 0 0 0 0.7 0 0
1 0 0 0 -0.5 0.75 0
1 0 0 0 -0.7 0 0
1 0 0 0 0.375 -0.75 0
1 0 0 0 0 -0.7 0
1 0 0 0 -0.375 -0.75 0
1 0 0 0 0 -0.7 0
1 0 0 0 0 0.75 0
1 0 0 0 3 3 5
1 0 0 0 -3 1 -5
0.991177 -0.0888718 -0.0926187 0.0330525 0.705555 3.04318 -6.11427
0.982673 -0.176089 -0.0429341 -0.0387676 -0.692137 3.76581 9.35892
1 0 0 0 0 0 0
1 0 0 0 -2 1 0
1 0 0 0 0.5 0.75 0
1 0 0 0 0.7 0 0
1 0 0 0 -0.5 0.75 0
1 0 0 0 -0.7 0 0
1 0 0 0 0.375 -0.75 0
1 0 0 0 0 -0.7 0
1 0 0 0 -0.375 -0.75 0
1 0 0 0 0 -0.7 0
1 0 0 0 0 0.75 0
1 0 0 0 2 1 0
1 0 0 0 0.5 0.75 0
1 0 0 0 0.7 0 0
1 0 0 0 -0.5 0.75 0
1 0 0 0 -0.7 0 0
1 0 0 0 0.375 -0.75 0
1 0 0 0 0 -0.7 0
1 0 0 0 -0.375 -0.75 0
1 0 0 0 0 -0.7 0
1 0 0 0 0 0.75 0
1 0 0 0 3 3 5
1 0 0 0 -3 1 -5
0.850928 0.102081 -0.195209 -0.476859 -0.319105 4.07908 5.67938
0.982673 -0.176089 -0.0429341 -0.0387676 -0.692137 3.76581 9.35892
1 0 0 0 0 0 0
1 0 0 0 -2 1 0
1 0 0 0 0.5 0.75 0
1 0 0 0 0.7 0 0
1 0 0 0 -0.5 0.75 0
1 0 0 0 -0.7 0 0
1 0 0 0 0.375 -0.75 0
1 0 0 0 0 -0.7 0
1 0 0 0 -0.375 -0.75 0
1 0 0 0 0 -0.7 0
1 0 0 0 0 0.75 0
1 0 0 0 2 1 0
1 0 0 0 0.5 0.75 0
1 0 0 0 0.7 0 0
1 0 0 0 -0.5 0.75 0
1 0 0 0 -0.7 0 0
1 0 0 0 0.375 -0.75 0
1 0 0 0 0 -0.7 0
1 0 0 0 -0.375 -0.75 0
1 0 0 0 0 -0.7 0
1 0 0 0 0 0.75 0
1 0 0 0 3 3 5
1 0 0 0 -3 1 -5
0.850928 0.102081 -0.195209 -0.476859 1.40487 3.48365 4.36501
0.982673 -0.176089 -0.0429341 -0.0387676 -0.692137 3.76581 9.35892
1 0 0 0 0 0 0
1 0 0 0 -2 1 0
1 0 0 0 0.5 0.75 0
1 0 0 0 0.7 0 0
1 0 0 0 -0.5 0.75 0
1 0 0 0 -0.7 0 0
1 0 0 0 0.375 -0.75 0
1 0 0 0 0 -0.7 0
1 0 0 0 -0.375 -0.75 0
1 0 0 0 0 -0.7 0
1 0 0 0 0 0.75 0
1 0 0 0 2 1 0
1 0 0 0 0.5 0.75 0
1 0 0 0 0.7 0 0
1 0 0 0 -0.5 0.75 0
1 0 0 0 -0.7 0 0
1 0 0 0 0.375 -0.75 0
1 0 0 0 0 -0.7 0
1 0 0 0 -0.375 -0.75 0
1 0 0 0 0 -0.7 0
1 0 0 0 0 0.75 0
1 0 0 0 1.51689 2.43662 7.39753
1 0 0 0 -3 1 -5
0.850928 0.102081 -0.195209 -0.476859 -0.66043 1.91297 6.58671
0.700837 -0.179358 0.669341 -0.169236 10.097 0.470768 0.281084
1 0 0 0 0 0 0
1 0 0 0 -2 1 0
1 0 0 0 0.5 0.75 0
1 0 0 0 0.7 0 0
1 0 0 0 -0.5 0.75 0
1 0 0 0 -0.7 0 0
1 0 0 0 0.375 -0.75 0
1 0 0 0 0 -0.7 0
1 0 0 0 -0.375 -0.75 0
1 0 0 0 0 -0.7 0
1 0 0 0 0 0.75 0
1 0 0 0 3.22287 1.7296 2.18575
1 0 0 0 0.5 0.75 0
1 0 0 0 0.7 0 0
1 0 0 0 -0.5 0.75 0
1 0 0 0 -0.7 0 0
1 0 0 0 0.375 -0.75 0
1 0 0 0 0 -0.7 0
1 0 0 0 -0.375 -0.75 0
1 0 0 0 0 -0.7 0
1 0 0 0 0 0.75 0
1 0 0 0 1.51689 2.43662 7.39753
1 0 0 0 -3 1 -5
0.850928 0.102081 -0.195209 -0.476859 -0.66043 1.91297 6.58671
0.700837 -0.179358 0.669341 -0.169236 9.99354 1.27686 2.38323
1 0 0 0 0 0 0
1 0 0 0 -2 1 0
1 0 0 0 0.5 0.75 0
1 0 0 0 0.7 0 0
1 0 0 0 -0.5 0.75 0
1 0 0 0 -0.7 0 0
1 0 0 0 0.375 -0.75 0
1 0 0 0 0 -0.7 0
1 0 0 0 -0.375 -0.75 0
1 0 0 0 0 -0.7 0
1 0 0 0 0 0.75 0
1 0 0 0 3.22287 1.7296 2.18575
1 0 0 0 0.5 0.75 0
1 0 0 0 0.7 0 0
1 0 0 0 -0.5 0.75 0
1 0 0 0 -0.7 0 0
1 0 0 0 0.375 -0.75 0
1 0 0 0 0 -0.7 0
1 0 0 0 -0.375 -0.75 0
1 0 0 0 0 -0.7 0
1 0 0 0 0 0.75 0
1 0 0 0 1.51689 2.43662 7.39753
1 0 0 0 -3 1 -5
0.850928 0.102081 -0.195209 -0.476859 -0.66043 1.91297 6.58671
0.700837 -0.179358 0.669341 -0.169236 9.99354 1.27686 2.38323
1 0 0 0 0 0 0
0.630445 -0.0177498 -0.441945 -0.637894 -5.9366 0.428253 -0.798923
1 0 0 0 0.5 0.75 0
1 0 0 0 0.7 0 0
1 0 0 0 -0.5 0.75 0
1 0 0 0 -0.7 0 0
1 0 0 0 0.375 -0.75 0
1 0 0 0 0 -0.7 0
1 0 0 0 -0.375 -0.75 0
1 0 0 0 0 -0.7 0
1 0 0 0 0 0.75 0
1 0 0 0 3.22287 1.7296 2.18575
1 0 0 0 0.5 0.75 0
1 0 0 0 0.7 0 0
1 0 0 0 -0.5 0.75 0
1 0 0 0 -0.7 0 0
1 0 0 0 0.375 -0.75 0
1 0 0 0 0 -0.7 0
1 0 0 0 -0.375 -0.75 0
1 0 0 0 0 -0.7 0
1 0 0 0 0 0.75 0
1 0 0 0 1.51689 2.43662 7.39753
1 0 0 0 -3 1 -5
0.850928 0.102081 -0.195209 -0.476859 -0.66043 1.91297 6.58671
0.700837 -0.179358 0.669341 -0.169236 9.99354 1.27686 2.38323
1 0 0 0 0 0 0
0.630445 -0.0177498 -0.441945 -0.637894 -5.9366 0.428253 -0.798923
1 0 0 0 0.5 0.75 0
1 0 0 0 0.7 0 0
1 0 0 0 -0.5 0.75 0
1 0 0 0 -0.7 0 0
1 0 0 0 0.375 -0.75 0
1 0 0 0 0 -0.7 0
1 0 0 0 -0.375 -0.75 0
1 0 0 0 0 -0.7 0
1 0 0 0 0 0.75 0
1 0 0 0 3.22287 1.7296 2.18575
1 0 0 0 0.5 0.75 0
1 0 0 0 0.7 0 0
1 0 0 0 -0.5 0.75 0
1 0 0 0 -0.7 0 0
1 0 0 0 0.375 -0.75 0
1 0 0 0 0 -0.7 0
1 0 0 0 -0.375 -0.75 0
1 0 0 0 0 -0.7 0
1 0 0 0 0 0.75 0
1 0 0 0 1.51689 2.43662 7.39753
1 0 0 0 -3 1 -5
0.850928 0.102081 -0.195209 -0.476859 -0.66043 1.91297 6.58671
