21 24
0.989295 -0.108232 -0.0901505 0.0381356 -2.85087 3.31823 13.5345
1 0 0 0 0 0 0
1 0 0 0 -2 1 0
1 0 0 0 0.5 0.75 0
1 0 0 0 0.7 0 0
1 0 0 0 -0.5 0.75 0
1 0 0 0 -0.7 0 0
1 0 0 0 0.375 -0.75 0
1 0 0 0 0 -0.7 0
1 0 0 0 -0.375 -0.75 0
1 0 0 0 0 -0.7 0
1 0 0 0 0 0.75 0
1 0 0 0 2 1 0
1 0 0 0 0.5 0.75 0
1 0 0 0 0.7 0 0
1 0 0 0 -0.5 0.75 0
1 0 0 0 -0.7 0 0
1 0 0 0 0.375 -0.75 0
1 0 0 0 0 -0.7 0
1 0 0 0 -0.375 -0.75 0
1 0 0 0 0 -0.7 0
1 0 0 0 0 0.75 0
1 0 0 0 0.279943 0.00238652 7.09093
1 0 0 0 -3 1 -5
0.989295 -0.108232 -0.0901505 0.0381356 -2.85087 3.31823 13.5345
1 0 0 0 0 0 0
1 0 0 0 -2 1 0
1 0 0 0 0.5 0.75 0
1 0 0 0 0.7 0 0
1 0 0 0 -0.5 0.75 0
1 0 0 0 -0.7 0 0
1 0 0 0 0.375 -0.75 0
1 0 0 0 0 -0.7 0
1 0 0 0 -0.375 -0.75 0
1 0 0 0 0 -0.7 0
1 0 0 0 0 0.75 0
1 0 0 0 2 1 0
1 0 0 0 0.5 0.75 0
1 0 0 0 0.7 0 0
1 0 0 0 -0.5 0.75 0
1 0 0 0 -0.7 0 0
1 0 0 0 0.375 -0.75 0
1 0 0 0 0 -0.7 0
1 0 0 0 -0.375 -0.75 0
1 0 0 0 0 -0.7 0
1 0 0 0 0 0.75 0
1 0 0 0 0.279943 0.00238652 7.09093
1 0 0 0 -3 1 -5
0.989295 -0.108232 -0.0901505 0.0381356 -2.85087 3.31823 13.5345
1 0 0 0 0 0 0
1 0 0 0 -2 1 0
1 0 0 0 0.5 0.75 0
1 0 0 0 0.7 0 0
1 0 0 0 -0.5 0.75 0
1 0 0 0 -0.7 0 0
1 0 0 0 0.375 -0.75 0
1 0 0 0 0 -0.7 0
1 0 0 0 -0.375 -0.75 0
1 0 0 0 0 -0.7 0
1 0 0 0 0 0.75 0
1 0 0 0 2 1 0
1 0 0 0 0.5 0.75 0
1 0 0 0 0.7 0 0
1 0 0 0 -0.5 0.75 0
1 0 0 0 -0.7 0 0
1 0 0 0 0.375 -0.75 0
1 0 0 0 0 -0.7 0
1 0 0 0 -0.375 -0.75 0
1 0 0 0 0 -0.7 0
1 0 0 0 0 0.75 0
1 -1.04474e-15 6.33174e-17 -1.26635e-16 0.600183 -0.353279 5.44307
1 0 0 0 -3 1 -5
0.989295 -0.108232 -0.0901505 0.0381356 -2.85087 3.31823 13.5345
1 0 0 0 0 0 0
1 0 0 0 -2 1 0
1 0 0 0 0.5 0.75 0
1 0 0 0 0.7 0 0
1 0 0 0 -0.5 0.75 0
1 0 0 0 -0.7 0 0
1 0 0 0 0.375 -0.75 0
1 0 0 0 0 -0.7 0
1 0 0 0 -0.375 -0.75 0
1 0 0 0 0 -0.7 0
1 0 0 0 0 0.75 0
1 0 0 0 2 1 0
1 0 0 0 0.5 0.75 0
1 0 0 0 0.7 0 0
1 0 0 0 -0.5 0.75 0
1 0 0 0 -0.7 0 0
1 0 0 0 0.375 -0.75 0
1 0 0 0 0 -0.7 0
1 0 0 0 -0.375 -0.75 0
1 0 0 0 0 -0.7 0
1 0 0 0 0 0.75 0
1 -1.8748e-15 1.13624e-16 -2.27249e-16 1.05588 -0.859385 3.0982
1 0 0 0 -3 1 -5
0.989295 -0.108232 -0.0901505 0.0381356 -2.85087 3.31823 13.5345
1 0 0 0 0 0 0
1 0 0 0 -2 1 0
1 0 0 0 0.5 0.75 0
1 0 0 0 0.7 0 0
1 0 0 0 -0.5 0.75 0
1 0 0 0 -0.7 0 0
1 0 0 0 0.375 -0.75 0
1 0 0 0 0 -0.7 0
1 0 0 0 -0.375 -0.75 0
1 0 0 0 0 -0.7 0
1 0 0 0 0 0.75 0
1 0 0 0 2 1 0
1 0 0 0 0.5 0.75 0
1 0 0 0 0.7 0 0
1 0 0 0 -0.5 0.75 0
1 0 0 0 -0.7 0 0
1 0 0 0 0.375 -0.75 0
1 0 0 0 0 -0.7 0
1 0 0 0 -0.375 -0.75 0
1 0 0 0 0 -0.7 0
1 0 0 0 0 0.75 0
0.927384 -0.275048 -0.252581 -0.0225814 -0.413971 -0.463017 2.72701
1 0 0 0 -3 1 -5
0.989295 -0.108232 -0.0901505 0.0381356 -2.85087 3.31823 13.5345
1 0 0 0 0 0 0
1 0 0 0 -2 1 0
1 0 0 0 0.5 0.75 0
1 0 0 0 0.7 0 0
1 0 0 0 -0.5 0.75 0
1 0 0 0 -0.7 0 0
1 0 0 0 0.375 -0.75 0
1 0 0 0 0 -0.7 0
1 0 0 0 -0.375 -0.75 0
1 0 0 0 0 -0.7 0
1 0 0 0 0 0.75 0
1 0 0 0 2 1 0
1 0 0 0 0.5 0.75 0
1 0 0 0 0.7 0 0
1 0 0 0 -0.5 0.75 0
1 0 0 0 -0.7 0 0
1 0 0 0 0.375 -0.75 0
1 0 0 0 0 -0.7 0
1 0 0 0 -0.375 -0.75 0
1 0 0 0 0 -0.7 0
1 0 0 0 0 0.75 0
0.927384 -0.275048 -0.252581 -0.0225814 0.0945436 -1.02778 0.110353
1 0 0 0 -3 1 -5
0.989295 -0.108232 -0.0901505 0.0381356 -2.85087 3.31823 13.5345
1 0 0 0 0 0 0
1 0 0 0 -2 1 0
1 0 0 0 0.5 0.75 0
1 0 0 0 0.7 0 0
1 0 0 0 -0.5 0.75 0
1 0 0 0 -0.7 0 0
1 0 0 0 0.375 -0.75 0
1 0 0 0 0 -0.7 0
1 0 0 0 -0.375 -0.75 0
1 0 0 0 0 -0.7 0
1 0 0 0 0 0.75 0
1 0 0 0 2 1 0
1 0 0 0 0.5 0.75 0
1 0 0 0 0.7 0 0
1 0 0 0 -0.5 0.75 0
1 0 0 0 -0.7 0 0
1 0 0 0 0.375 -0.75 0
1 0 0 0 0 -0.7 0
1 0 0 0 -0.375 -0.75 0
1 0 0 0 0 -0.7 0
1 0 0 0 0 0.75 0
0.927384 -0.275048 -0.252581 -0.0225814 0.643856 -1.63786 -2.71623
1 0 0 0 -3 1 -5
0.989295 -0.108232 -0.0901505 0.0381356 -2.85087 3.31823 13.5345
1 0 0 0 0 0 0
1 0 0 0 -2 1 0
1 0 0 0 0.5 0.75 0
1 0 0 0 0.7 0 0
1 0 0 0 -0.5 0.75 0
1 0 0 0 -0.7 0 0
1 0 0 0 0.375 -0.75 0
1 0 0 0 0 -0.7 0
1 0 0 0 -0.375 -0.75 0
1 0 0 0 0 -0.7 0
1 0 0 0 0 0.75 0
1 0 0 0 2 1 0
1 0 0 0 0.5 0.75 0
1 0 0 0 0.7 0 0
1 0 0 0 -0.5 0.75 0
1 0 0 0 -0.7 0 0
1 0 0 0 0.375 -0.75 0
1 0 0 0 0 -0.7 0
1 0 0 0 -0.375 -0.75 0
1 0 0 0 0 -0.7 0
1 0 0 0 0 0.75 0
0.927384 -0.275048 -0.252581 -0.0225814 -1.10948 0.309429 6.30587
1 0 0 0 -3 1 -5
0.960556 -0.2772 -0.0216693 -0.00467935 -0.725094 7.91105 11.7987
1 0 0 0 0 0 0
1 0 0 0 -2 1 0
1 0 0 0 0.5 0.75 0
1 0 0 0 0.7 0 0
1 0 0 0 -0.5 0.75 0
1 0 0 0 -0.7 0 0
1 0 0 0 0.375 -0.75 0
1 0 0 0 0 -0.7 0
1 0 0 0 -0.375 -0.75 0
1 0 0 0 0 -0.7 0
1 0 0 0 0 0.75 0
1 0 0 0 2 1 0
1 0 0 0 0.5 0.75 0
1 0 0 0 0.7 0 0
1 0 0 0 -0.5 0.75 0
1 0 0 0 -0.7 0 0
1 0 0 0 0.375 -0.75 0
1 0 0 0 0 -0.7 0
1 0 0 0 -0.375 -0.75 0
1 0 0 0 0 -0.7 0
1 0 0 0 0 0.75 0
0.927384 -0.275048 -0.252581 -0.0225814 -1.10948 0.309429 6.30587
1 0 0 0 -3 1 -5
0.960556 -0.2772 -0.0216693 -0.00467935 -0.725094 7.91105 11.7987
1 0 0 0 0 0 0
0.658851 0.638233 -0.343619 0.201248 -2 1 2.60902e-15
1 0 0 0 0.5 0.75 0
1 0 0 0 0.7 0 0
1 0 0 0 -0.5 0.75 0
1 0 0 0 -0.7 0 0
1 0 0 0 0.375 -0.75 0
1 0 0 0 0 -0.7 0
1 0 0 0 -0.375 -0.75 0
1 0 0 0 0 -0.7 0
1 0 0 0 0 0.75 0
1 0 0 0 2 1 0
1 0 0 0 0.5 0.75 0
1 0 0 0 0.7 0 0
1 0 0 0 -0.5 0.75 0
1 0 0 0 -0.7 0 0
1 0 0 0 0.375 -0.75 0
1 0 0 0 0 -0.7 0
1 0 0 0 -0.375 -0.75 0
1 0 0 0 0 -0.7 0
1 0 0 0 0 0.75 0
0.927384 -0.275048 -0.252581 -0.0225814 -1.10948 0.309429 6.30587
1 0 0 0 -3 1 -5
0.960556 -0.2772 -0.0216693 -0.00467935 -0.725094 7.91105 11.7987
1 0 0 0 0 0 0
0.255714 0.888744 -0.361119 0.119737 -2 1 3.67677e-15
1 0 0 0 0.5 0.75 0
1 0 0 0 0.7 0 0
1 0 0 0 -0.5 0.75 0
1 0 0 0 -0.7 0 0
1 0 0 0 0.375 -0.75 0
1 0 0 0 0 -0.7 0
1 0 0 0 -0.375 -0.75 0
1 0 0 0 0 -0.7 0
1 0 0 0 0 0.75 0
1 0 0 0 2 1 0
1 0 0 0 0.5 0.75 0
1 0 0 0 0.7 0 0
1 0 0 0 -0.5 0.75 0
1 0 0 0 -0.7 0 0
1 0 0 0 0.375 -0.75 0
1 0 0 0 0 -0.7 0
1 0 0 0 -0.375 -0.75 0
1 0 0 0 0 -0.7 0
1 0 0 0 0 0.75 0
0.927384 -0.275048 -0.252581 -0.0225814 -1.10948 0.309429 6.30587
1 0 0 0 -3 1 -5
0.960556 -0.2772 -0.0216693 -0.00467935 -0.725094 7.91105 11.7987
1 0 0 0 0 0 0
-0.136408 0.926471 -0.349513 -0.0297429 -2 1 3.60476e-15
1 0 0 0 0.5 0.75 0
1 0 0 0 0.7 0 0
1 0 0 0 -0.5 0.75 0
1 0 0 0 -0.7 0 0
1 0 0 0 0.375 -0.75 0
1 0 0 0 0 -0.7 0
1 0 0 0 -0.375 -0.75 0
1 0 0 0 0 -0.7 0
1 0 0 0 0 0.75 0
1 0 0 0 2 1 0
1 0 0 0 0.5 0.75 0
1 0 0 0 0.7 0 0
1 0 0 0 -0.5 0.75 0
1 0 0 0 -0.7 0 0
1 0 0 0 0.375 -0.75 0
1 0 0 0 0 -0.7 0
1 0 0 0 -0.375 -0.75 0
1 0 0 0 0 -0.7 0
1 0 0 0 0 0.75 0
0.927384 -0.275048 -0.252581 -0.0225814 -1.10948 0.309429 6.30587
1 0 0 0 -3 1 -5
0.960556 -0.2772 -0.0216693 -0.00467935 -0.725094 7.91105 11.7987
1 0 0 0 0 0 0
-0.399785 0.841418 -0.31659 -0.178772 -2 1 3.23699e-15
1 0 0 0 0.5 0.75 0
1 0 0 0 0.7 0 0
1 0 0 0 -0.5 0.75 0
1 0 0 0 -0.7 0 0
1 0 0 0 0.375 -0.75 0
1 0 0 0 0 -0.7 0
1 0 0 0 -0.375 -0.75 0
1 0 0 0 0 -0.7 0
1 0 0 0 0 0.75 0
1 0 0 0 2 1 0
1 0 0 0 0.5 0.75 0
1 0 0 0 0.7 0 0
1 0 0 0 -0.5 0.75 0
1 0 0 0 -0.7 0 0
1 0 0 0 0.375 -0.75 0
1 0 0 0 0 -0.7 0
1 0 0 0 -0.375 -0.75 0
1 0 0 0 0 -0.7 0
1 0 0 0 0 0.75 0
0.927384 -0.275048 -0.252581 -0.0225814 -1.10948 0.309429 6.30587
1 0 0 0 -3 1 -5
0.960556 -0.2772 -0.0216693 -0.00467935 -0.725094 7.91105 11.7987
1 0 0 0 0 0 0
-0.399785 0.841418 -0.31659 -0.178772 -2.19285 3.63196 4.17658
1 0 0 0 0.5 0.75 0
1 0 0 0 0.7 0 0
1 0 0 0 -0.5 0.75 0
1 0 0 0 -0.7 0 0
1 0 0 0 0.375 -0.75 0
1 0 0 0 0 -0.7 0
1 0 0 0 -0.375 -0.75 0
1 0 0 0 0 -0.7 0
1 0 0 0 0 0.75 0
1 0 0 0 2 1 0
1 0 0 0 0.5 0.75 0
1 0 0 0 0.7 0 0
1 0 0 0 -0.5 0.75 0
1 0 0 0 -0.7 0 0
1 0 0 0 0.375 -0.75 0
1 0 0 0 0 -0.7 0
1 0 0 0 -0.375 -0.75 0
1 0 0 0 0 -0.7 0
1 0 0 0 0 0.75 0
0.927384 -0.275048 -0.252581 -0.0225814 -1.10948 0.309429 6.30587
1 0 0 0 -3 1 -5
0.960556 -0.2772 -0.0216693 -0.00467935 -0.725094 7.91105 11.7987
1 0 0 0 0 0 0
-0.399785 0.841418 -0.31659 -0.178772 -2.30805 5.20415 6.67143
1 0 0 0 0.5 0.75 0
1 0 0 0 0.7 0 0
1 0 0 0 -0.5 0.75 0
1 0 0 0 -0.7 0 0
1 0 0 0 0.375 -0.75 0
1 0 0 0 0 -0.7 0
1 0 0 0 -0.375 -0.75 0
1 0 0 0 0 -0.7 0
1 0 0 0 0 0.75 0
1 0 0 0 2 1 0
1 0 0 0 0.5 0.75 0
1 0 0 0 0.7 0 0
1 0 0 0 -0.5 0.75 0
1 0 0 0 -0.7 0 0
1 0 0 0 0.375 -0.75 0
1 0 0 0 0 -0.7 0
1 0 0 0 -0.375 -0.75 0
1 0 0 0 0 -0.7 0
1 0 0 0 0 0.75 0
0.927384 -0.275048 -0.252581 -0.0225814 -1.10948 0.309429 6.30587
1 0 0 0 -3 1 -5
0.960556 -0.2772 -0.0216693 -0.00467935 -0.725094 7.91105 11.7987
1 0 0 0 0 0 0
-0.399785 0.841418 -0.31659 -0.178772 -2.30805 5.20415 6.67143
1 0 0 0 0.5 0.75 0
1 0 0 0 0.7 0 0
1 0 0 0 -0.5 0.75 0
1 0 0 0 -0.7 0 0
1 0 0 0 0.375 -0.75 0
1 0 0 0 0 -0.7 0
1 0 0 0 -0.375 -0.75 0
1 0 0 0 0 -0.7 0
1 0 0 0 0 0.75 0
1 4.47233e-19 -7.15573e-18 0 0.601107 -0.396279 0.815303
1 0 0 0 0.5 0.75 0
1 0 0 0 0.7 0 0
1 0 0 0 -0.5 0.75 0
1 0 0 0 -0.7 0 0
1 0 0 0 0.375 -0.75 0
1 0 0 0 0 -0.7 0
1 0 0 0 -0.375 -0.75 0
1 0 0 0 0 -0.7 0
1 0 0 0 0 0.75 0
0.927384 -0.275048 -0.252581 -0.0225814 -1.10948 0.309429 6.30587
1 0 0 0 -3 1 -5
0.960556 -0.2772 -0.0216693 -0.00467935 -0.725094 7.91105 11.7987
1 0 0 0 0 0 0
-0.399785 0.841418 -0.31659 -0.178772 -2.30805 5.20415 6.67143
1 0 0 0 0.5 0.75 0
1 0 0 0 0.7 0 0
1 0 0 0 -0.5 0.75 0
1 0 0 0 -0.7 0 0
1 0 0 0 0.375 -0.75 0
1 0 0 0 0 -0.7 0
1 0 0 0 -0.375 -0.75 0
1 0 0 0 0 -0.7 0
1 0 0 0 0 0.75 0
1 1.04354e-18 -1.66967e-17 0 0.794959 -3.04191 -3.38297
1 0 0 0 0.5 0.75 0
1 0 0 0 0.7 0 0
1 0 0 0 -0.5 0.75 0
1 0 0 0 -0.7 0 0
1 0 0 0 0.375 -0.75 0
1 0 0 0 0 -0.7 0
1 0 0 0 -0.375 -0.75 0
1 0 0 0 0 -0.7 0
1 0 0 0 0 0.75 0
0.927384 -0.275048 -0.252581 -0.0225814 -1.10948 0.309429 6.30587
1 0 0 0 -3 1 -5
0.960556 -0.2772 -0.0216693 -0.00467935 -0.725094 7.91105 11.7987
1 0 0 0 0 0 0
-0.399785 0.841418 -0.31659 -0.178772 -2.30805 5.20415 6.67143
1 0 0 0 0.5 0.75 0
1 0 0 0 0.7 0 0
1 0 0 0 -0.5 0.75 0
1 0 0 0 -0.7 0 0
1 0 0 0 0.375 -0.75 0
1 0 0 0 0 -0.7 0
1 0 0 0 -0.375 -0.75 0
1 0 0 0 0 -0.7 0
1 0 0 0 0 0.75 0
1 1.73472e-18 -2.77556e-17 0 0.20635 4.99124 9.36459
1 0 0 0 0.5 0.75 0
1 0 0 0 0.7 0 0
1 0 0 0 -0.5 0.75 0
1 0 0 0 -0.7 0 0
1 0 0 0 0.375 -0.75 0
1 0 0 0 0 -0.7 0
1 0 0 0 -0.375 -0.75 0
1 0 0 0 0 -0.7 0
1 0 0 0 0 0.75 0
0.927384 -0.275048 -0.252581 -0.0225814 -1.10948 0.309429 6.30587
1 0 0 0 -3 1 -5
0.960556 -0.2772 -0.0216693 -0.00467935 -0.725094 7.91105 11.7987
1 0 0 0 0 0 0
-0.399785 0.841418 -0.31659 -0.178772 -2.30805 5.20415 6.67143
1 0 0 0 0.5 0.75 0
1 0 0 0 0.7 0 0
1 0 0 0 -0.5 0.75 0
1 0 0 0 -0.7 0 0
1 0 0 0 0.375 -0.75 0
1 0 0 0 0 -0.7 0
1 0 0 0 -0.375 -0.75 0
1 0 0 0 0 -0.7 0
1 0 0 0 0 0.75 0
1 3.97089e-18 -6.35342e-17 0 0.344184 3.11013 6.37952
1 0 0 0 0.5 0.75 0
1 0 0 0 0.7 0 0
1 0 0 0 -0.5 0.75 0
1 0 0 0 -0.7 0 0
1 0 0 0 0.375 -0.75 0
1 0 0 0 0 -0.7 0
1 0 0 0 -0.375 -0.75 0
1 0 0 0 0 -0.7 0
1 0 0 0 0 0.75 0
0.927384 -0.275048 -0.252581 -0.0225814 -1.10948 0.309429 6.30587
1 0 0 0 -3 1 -5
0.960556 -0.2772 -0.0216693 -0.00467935 -0.725094 7.91105 11.7987
1 0 0 0 0 0 0
-0.399785 0.841418 -0.31659 -0.178772 -2.30805 5.20415 6.67143
1 0 0 0 0.5 0.75 0
1 0 0 0 0.7 0 0
1 0 0 0 -0.5 0.75 0
1 0 0 0 -0.7 0 0
1 0 0 0 0.375 -0.75 0
1 0 0 0 0 -0.7 0
1 0 0 0 -0.375 -0.75 0
1 0 0 0 0 -0.7 0
1 0 0 0 0 0.75 0
1 4.37747e-18 -7.00395e-17 0 0.402341 2.31642 5.12001
1 0 0 0 0.5 0.75 0
1 0 0 0 0.7 0 0
1 0 0 0 -0.5 0.75 0
1 0 0 0 -0.7 0 0
1 0 0 0 0.375 -0.75 0
1 0 0 0 0 -0.7 0
1 0 0 0 -0.375 -0.75 0
1 0 0 0 0 -0.7 0
1 0 0 0 0 0.75 0
0.927384 -0.275048 -0.252581 -0.0225814 -1.10948 0.309429 6.30587
1 0 0 0 -3 1 -5
0.960556 -0.2772 -0.0216693 -0.00467935 -0.725094 7.91105 11.7987
1 0 0 0 0 0 0
-0.399785 0.841418 -0.31659 -0.178772 -2.30805 5.20415 6.67143
1 0 0 0 0.5 0.75 0
1 0 0 0 0.7 0 0
1 0 0 0 -0.5 0.75 0
1 0 0 0 -0.7 0 0
1 0 0 0 0.375 -0.75 0
1 0 0 0 0 -0.7 0
1 0 0 0 -0.375 -0.75 0
1 0 0 0 0 -0.7 0
1 0 0 0 0 0.75 0
1 4.75694e-18 -7.6111e-17 0 0.485541 1.18094 3.31814
1 0 0 0 0.5 0.75 0
1 0 0 0 0.7 0 0
1 0 0 0 -0.5 0.75 0
1 0 0 0 -0.7 0 0
1 0 0 0 0.375 -0.75 0
1 0 0 0 0 -0.7 0
1 0 0 0 -0.375 -0.75 0
1 0 0 0 0 -0.7 0
1 0 0 0 0 0.75 0
0.927384 -0.275048 -0.252581 -0.0225814 -1.10948 0.309429 6.30587
1 0 0 0 -3 1 -5
