17 22
1 0 0 0 0 0.25 4
1 0 0 0 0 0 0
1 0 0 0 -2 1 0
1 0 0 0 0.5 0.75 0
1 0 0 0 0.7 0 0
1 0 0 0 -0.5 0.75 0
1 0 0 0 -0.7 0 0
1 0 0 0 0.375 -0.75 0
1 0 0 0 0 -0.7 0
1 0 0 0 -0.375 -0.75 0
1 0 0 0 0 -0.7 0
1 0 0 0 0 0.75 0
1 0 0 0 2 1 0
1 0 0 0 0.5 0.75 0
1 0 0 0 0.7 0 0
1 0 0 0 -0.5 0.75 0
1 0 0 0 -0.7 0 0
1 0 0 0 0.375 -0.75 0
1 0 0 0 0 -0.7 0
1 0 0 0 -0.375 -0.75 0
1 0 0 0 0 -0.7 0
1 0 0 0 0 0.75 0
1 0 0 0 0 0.25 4
1 0 0 0 0 0 0
0.914486 0 0 -0.404619 -2 1 0
1 0 0 0 0.5 0.75 0
1 0 0 0 0.7 0 0
1 0 0 0 -0.5 0.75 0
1 0 0 0 -0.7 0 0
1 0 0 0 0.375 -0.75 0
1 0 0 0 0 -0.7 0
1 0 0 0 -0.375 -0.75 0
1 0 0 0 0 -0.7 0
1 0 0 0 0 0.75 0
1 0 0 0 2 1 0
1 0 0 0 0.5 0.75 0
1 0 0 0 0.7 0 0
1 0 0 0 -0.5 0.75 0
1 0 0 0 -0.7 0 0
1 0 0 0 0.375 -0.75 0
1 0 0 0 0 -0.7 0
1 0 0 0 -0.375 -0.75 0
1 0 0 0 0 -0.7 0
1 0 0 0 0 0.75 0
1 0 0 0 0 0.25 4
1 0 0 0 0 0 0
0.391173 0 0 -0.920317 -2 1 0
1 0 0 0 0.5 0.75 0
1 0 0 0 0.7 0 0
1 0 0 0 -0.5 0.75 0
1 0 0 0 -0.7 0 0
1 0 0 0 0.375 -0.75 0
1 0 0 0 0 -0.7 0
1 0 0 0 -0.375 -0.75 0
1 0 0 0 0 -0.7 0
1 0 0 0 0 0.75 0
1 0 0 0 2 1 0
1 0 0 0 0.5 0.75 0
1 0 0 0 0.7 0 0
1 0 0 0 -0.5 0.75 0
1 0 0 0 -0.7 0 0
1 0 0 0 0.375 -0.75 0
1 0 0 0 0 -0.7 0
1 0 0 0 -0.375 -0.75 0
1 0 0 0 0 -0.7 0
1 0 0 0 0 0.75 0
1 0 0 0 0 0.25 4
1 0 0 0 0 0 0
0.391173 0 0 -0.920317 -2 1 0
1 0 0 0 0.5 0.75 0
1 0 0 0 0.7 0 0
1 0 0 0 -0.5 0.75 0
0.919253 0.361975 -0.0821396 0.131156 -0.7 2.04697e-16 -6.37511e-17
1 0 0 0 0.375 -0.75 0
1 0 0 0 0 -0.7 0
1 0 0 0 -0.375 -0.75 0
1 0 0 0 0 -0.7 0
1 0 0 0 0 0.75 0
1 0 0 0 2 1 0
1 0 0 0 0.5 0.75 0
1 0 0 0 0.7 0 0
1 0 0 0 -0.5 0.75 0
1 0 0 0 -0.7 0 0
1 0 0 0 0.375 -0.75 0
1 0 0 0 0 -0.7 0
1 0 0 0 -0.375 -0.75 0
1 0 0 0 0 -0.7 0
1 0 0 0 0 0.75 0
1 0 0 0 0 0.25 4
1 0 0 0 0 0 0
0.391173 0 0 -0.920317 -2 1 0
1 0 0 0 0.5 0.75 0
1 0 0 0 0.7 0 0
1 0 0 0 -0.5 0.75 0
0.533637 0.812319 0.198477 0.126396 -0.7 3.43475e-16 -4.35416e-16
1 0 0 0 0.375 -0.75 0
1 0 0 0 0 -0.7 0
1 0 0 0 -0.375 -0.75 0
1 0 0 0 0 -0.7 0
1 0 0 0 0 0.75 0
1 0 0 0 2 1 0
1 0 0 0 0.5 0.75 0
1 0 0 0 0.7 0 0
1 0 0 0 -0.5 0.75 0
1 0 0 0 -0.7 0 0
1 0 0 0 0.375 -0.75 0
1 0 0 0 0 -0.7 0
1 0 0 0 -0.375 -0.75 0
1 0 0 0 0 -0.7 0
1 0 0 0 0 0.75 0
1 0 0 0 0 0.25 4
1 0 0 0 0 0 0
0.391173 0 0 -0.920317 -2 1 0
1 0 0 0 0.5 0.75 0
1 0 0 0 0.7 0 0
1 0 0 0 -0.5 0.75 0
0.795244 0.590086 0.0573627 0.126866 -1.29537 -0.110255 -1.8735e-16
1 0 0 0 0.375 -0.75 0
1 0 0 0 0 -0.7 0
1 0 0 0 -0.375 -0.75 0
1 0 0 0 0 -0.7 0
1 0 0 0 0 0.75 0
1 0 0 0 2 1 0
1 0 0 0 0.5 0.75 0
1 0 0 0 0.7 0 0
1 0 0 0 -0.5 0.75 0
1 0 0 0 -0.7 0 0
1 0 0 0 0.375 -0.75 0
1 0 0 0 0 -0.7 0
1 0 0 0 -0.375 -0.75 0
1 0 0 0 0 -0.7 0
1 0 0 0 0 0.75 0
1 0 0 0 0 0.25 4
1 0 0 0 0 0 0
0.391173 0 0 -0.920317 -2 1 0
1 0 0 0 0.5 0.75 0
1 0 0 0 0.7 0 0
1 0 0 0 -0.5 0.75 0
0.795244 0.590086 0.0573627 0.126866 -1.09894 0.855882 -1.8735e-16
1 0 0 0 0.375 -0.75 0
1 0 0 0 0 -0.7 0
1 0 0 0 -0.375 -0.75 0
1 0 0 0 0 -0.7 0
1 0 0 0 0 0.75 0
1 0 0 0 2 1 0
1 0 0 0 0.5 0.75 0
1 0 0 0 0.7 0 0
1 0 0 0 -0.5 0.75 0
1 0 0 0 -0.7 0 0
1 0 0 0 0.375 -0.75 0
1 0 0 0 0 -0.7 0
1 0 0 0 -0.375 -0.75 0
1 0 0 0 0 -0.7 0
1 0 0 0 0 0.75 0
1 0 0 0 0 0.25 4
1 0 0 0 0 0 0
0.391173 0 0 -0.920317 -2 1 0
1 0 0 0 0.5 0.75 0
1 0 0 0 0.7 0 0
1 0 0 0 -0.5 0.75 0
0.795244 0.590086 0.0573627 0.126866 -0.302451 1.14745 -1.8735e-16
1 0 0 0 0.375 -0.75 0
1 0 0 0 0 -0.7 0
1 0 0 0 -0.375 -0.75 0
1 0 0 0 0 -0.7 0
1 0 0 0 0 0.75 0
1 0 0 0 2 1 0
1 0 0 0 0.5 0.75 0
1 0 0 0 0.7 0 0
1 0 0 0 -0.5 0.75 0
1 0 0 0 -0.7 0 0
1 0 0 0 0.375 -0.75 0
1 0 0 0 0 -0.7 0
1 0 0 0 -0.375 -0.75 0
1 0 0 0 0 -0.7 0
1 0 0 0 0 0.75 0
1 0 0 0 0 0.25 4
1 0 0 0 0 0 0
0.163024 -0.587426 -0.752807 -0.248264 -2 1 0
1 0 0 0 0.5 0.75 0
1 0 0 0 0.7 0 0
1 0 0 0 -0.5 0.75 0
0.795244 0.590086 0.0573627 0.126866 -0.302451 1.14745 -1.8735e-16
1 0 0 0 0.375 -0.75 0
1 0 0 0 0 -0.7 0
1 0 0 0 -0.375 -0.75 0
1 0 0 0 0 -0.7 0
1 0 0 0 0 0.75 0
1 0 0 0 2 1 0
1 0 0 0 0.5 0.75 0
1 0 0 0 0.7 0 0
1 0 0 0 -0.5 0.75 0
1 0 0 0 -0.7 0 0
1 0 0 0 0.375 -0.75 0
1 0 0 0 0 -0.7 0
1 0 0 0 -0.375 -0.75 0
1 0 0 0 0 -0.7 0
1 0 0 0 0 0.75 0
1 0 0 0 0 0.25 4
1 0 0 0 0 0 0
0.163024 -0.587426 -0.752807 -0.248264 0.110937 0.152017 0
1 0 0 0 0.5 0.75 0
1 0 0 0 0.7 0 0
1 0 0 0 -0.5 0.75 0
0.795244 0.590086 0.0573627 0.126866 -0.302451 1.14745 -1.8735e-16
1 0 0 0 0.375 -0.75 0
1 0 0 0 0 -0.7 0
1 0 0 0 -0.375 -0.75 0
1 0 0 0 0 -0.7 0
1 0 0 0 0 0.75 0
1 0 0 0 2 1 0
1 0 0 0 0.5 0.75 0
1 0 0 0 0.7 0 0
1 0 0 0 -0.5 0.75 0
1 0 0 0 -0.7 0 0
1 0 0 0 0.375 -0.75 0
1 0 0 0 0 -0.7 0
1 0 0 0 -0.375 -0.75 0
1 0 0 0 0 -0.7 0
1 0 0 0 0 0.75 0
1 0 0 0 0 0.25 4
1 0 0 0 0 0 0
0.163024 -0.587426 -0.752807 -0.248264 0.661224 1.52322 0
1 0 0 0 0.5 0.75 0
1 0 0 0 0.7 0 0
1 0 0 0 -0.5 0.75 0
0.795244 0.590086 0.0573627 0.126866 -0.302451 1.14745 -1.8735e-16
1 0 0 0 0.375 -0.75 0
1 0 0 0 0 -0.7 0
1 0 0 0 -0.375 -0.75 0
1 0 0 0 0 -0.7 0
1 0 0 0 0 0.75 0
1 0 0 0 2 1 0
1 0 0 0 0.5 0.75 0
1 0 0 0 0.7 0 0
1 0 0 0 -0.5 0.75 0
1 0 0 0 -0.7 0 0
1 0 0 0 0.375 -0.75 0
1 0 0 0 0 -0.7 0
1 0 0 0 -0.375 -0.75 0
1 0 0 0 0 -0.7 0
1 0 0 0 0 0.75 0
1 0 0 0 0 0.25 4
1 0 0 0 0 0 0
0.163024 -0.587426 -0.752807 -0.248264 0.661224 1.52322 0
1 0 0 0 0.5 0.75 0
1 0 0 0 0.7 0 0
1 0 0 0 -0.5 0.75 0
0.795244 0.590086 0.0573627 0.126866 -0.302451 1.14745 -1.8735e-16
1 0 0 0 0.375 -0.75 0
1 0 0 0 0 -0.7 0
1 0 0 0 -0.375 -0.75 0
1 0 0 0 0 -0.7 0
1 0 0 0 0 0.75 0
0.0398222 0.131965 -0.951348 -0.275567 2 1 0
1 0 0 0 0.5 0.75 0
1 0 0 0 0.7 0 0
1 0 0 0 -0.5 0.75 0
1 0 0 0 -0.7 0 0
1 0 0 0 0.375 -0.75 0
1 0 0 0 0 -0.7 0
1 0 0 0 -0.375 -0.75 0
1 0 0 0 0 -0.7 0
1 0 0 0 0 0.75 0
1 0 0 0 0 0.25 4
1 0 0 0 0 0 0
0.163024 -0.587426 -0.752807 -0.248264 0.661224 1.52322 0
1 0 0 0 0.5 0.75 0
1 0 0 0 0.7 0 0
1 0 0 0 -0.5 0.75 0
0.795244 0.590086 0.0573627 0.126866 -0.302451 1.14745 -1.8735e-16
1 0 0 0 0.375 -0.75 0
1 0 0 0 0 -0.7 0
1 0 0 0 -0.375 -0.75 0
1 0 0 0 0 -0.7 0
1 0 0 0 0 0.75 0
-0.880863 0.450876 -0.122777 -0.0756122 2 1 0
1 0 0 0 0.5 0.75 0
1 0 0 0 0.7 0 0
1 0 0 0 -0.5 0.75 0
1 0 0 0 -0.7 0 0
1 0 0 0 0.375 -0.75 0
1 0 0 0 0 -0.7 0
1 0 0 0 -0.375 -0.75 0
1 0 0 0 0 -0.7 0
1 0 0 0 0 0.75 0
1 0 0 0 0 0.25 4
1 0 0 0 0 0 0
0.163024 -0.587426 -0.752807 -0.248264 0.661224 1.52322 0
1 0 0 0 0.5 0.75 0
1 0 0 0 0.7 0 0
1 0 0 0 -0.5 0.75 0
0.795244 0.590086 0.0573627 0.126866 -0.302451 1.14745 -1.8735e-16
1 0 0 0 0.375 -0.75 0
1 0 0 0 0 -0.7 0
1 0 0 0 -0.375 -0.75 0
1 0 0 0 0 -0.7 0
1 0 0 0 0 0.75 0
-0.893973 0.303394 0.322005 0.0712507 2 1 0
1 0 0 0 0.5 0.75 0
1 0 0 0 0.7 0 0
1 0 0 0 -0.5 0.75 0
1 0 0 0 -0.7 0 0
1 0 0 0 0.375 -0.75 0
1 0 0 0 0 -0.7 0
1 0 0 0 -0.375 -0.75 0
1 0 0 0 0 -0.7 0
1 0 0 0 0 0.75 0
1 0 0 0 0 0.25 4
1 0 0 0 0 0 0
0.163024 -0.587426 -0.752807 -0.248264 0.661224 1.52322 0
1 0 0 0 0.5 0.75 0
1 0 0 0 0.7 0 0
1 0 0 0 -0.5 0.75 0
0.795244 0.590086 0.0573627 0.126866 -0.302451 1.14745 -1.8735e-16
1 0 0 0 0.375 -0.75 0
1 0 0 0 0 -0.7 0
1 0 0 0 -0.375 -0.75 0
1 0 0 0 0 -0.7 0
1 0 0 0 0 0.75 0
-0.893973 0.303394 0.322005 0.0712507 0.475434 0.512861 0
1 0 0 0 0.5 0.75 0
1 0 0 0 0.7 0 0
1 0 0 0 -0.5 0.75 0
1 0 0 0 -0.7 0 0
1 0 0 0 0.375 -0.75 0
1 0 0 0 0 -0.7 0
1 0 0 0 -0.375 -0.75 0
1 0 0 0 0 -0.7 0
1 0 0 0 0 0.75 0
1 0 0 0 0 0.25 4
1 0 0 0 0 0 0
0.163024 -0.587426 -0.752807 -0.248264 0.661224 1.52322 0
1 0 0 0 0.5 0.75 0
1 0 0 0 0.7 0 0
1 0 0 0 -0.5 0.75 0
0.795244 0.590086 0.0573627 0.126866 -0.302451 1.14745 -1.8735e-16
1 0 0 0 0.375 -0.75 0
1 0 0 0 0 -0.7 0
1 0 0 0 -0.375 -0.75 0
1 0 0 0 0 -0.7 0
1 0 0 0 0 0.75 0
-0.893973 0.303394 0.322005 0.0712507 -1.00403 1.16238 0
1 0 0 0 0.5 0.75 0
1 0 0 0 0.7 0 0
1 0 0 0 -0.5 0.75 0
1 0 0 0 -0.7 0 0
1 0 0 0 0.375 -0.75 0
1 0 0 0 0 -0.7 0
1 0 0 0 -0.375 -0.75 0
1 0 0 0 0 -0.7 0
1 0 0 0 0 0.75 0
1 0 0 0 0 0.25 4
1 0 0 0 0 0 0
0.163024 -0.587426 -0.752807 -0.248264 0.661224 1.52322 0
1 0 0 0 0.5 0.75 0
1 0 0 0 0.7 0 0
1 0 0 0 -0.5 0.75 0
0.795244 0.590086 0.0573627 0.126866 -0.302451 1.14745 -1.8735e-16
1 0 0 0 0.375 -0.75 0
1 0 0 0 0 -0.7 0
1 0 0 0 -0.375 -0.75 0
1 0 0 0 0 -0.7 0
1 0 0 0 0 0.75 0
-0.893973 0.303394 0.322005 0.0712507 -1.00403 1.16238 0
1 0 0 0 0.5 0.75 0
1 0 0 0 0.7 0 0
1 0 0 0 -0.5 0.75 0
1 0 0 0 -0.7 0 0
1 0 0 0 0.375 -0.75 0
1 0 0 0 0 -0.7 0
1 0 0 0 -0.375 -0.75 0
1 0 0 0 0 -0.7 0
1 0 0 0 0 0.75 0
